problem_number,row_id,sample_id,task_index,instruction,prediction,execution_time_sec,input_tokens,output_tokens,groundtruth,passed,failed,score,task_dir
57,57,0,task_2,"The cloud service system, cloudbed-2, experienced two failures within the time range of March 21, 2022, from 13:30 to 14:00. For each failure, the root cause component, the exact root cause occurrence time, and the underlying reason are currently unknown. You are tasked with identifying, for EACH failure, the root cause component, the root cause occurrence datetime, and the root cause reason.","{
    ""1"": {
        ""root cause occurrence datetime"": ""2022-03-21 13:30:00"",
        ""root cause component"": ""cartservice"",
        ""root cause reason"": ""container CPU load""
    },
    ""2"": {
        ""root cause occurrence datetime"": ""2022-03-21 13:37:00"",
        ""root cause component"": ""cartservice-1"",
        ""root cause reason"": ""container CPU load""
    }
}",306.519,338359,38319,"answer 1: component=recommendationservice-0; reason=container network packet retransmission; datetime=2022-03-21 13:36:21
answer 2: component=frontend-2; reason=container packet loss; datetime=2022-03-21 13:49:13",,"container packet loss
container network packet retransmission",0.0,telemetry/openrca/openrca_market_cb2/task_7-57
