problem_number,row_id,sample_id,task_index,instruction,prediction,framework_answer,execution_time_sec,input_tokens,output_tokens,groundtruth,scoring_points,evaluation_mode,passed,failed,score,task_dir
33,33,0,rcaeval_re2,"Diagnose the incident. The incident window is 2024-01-23 04:57:52 to 2024-01-23 05:27:52 UTC. Use the available metrics, logs, and traces to identify the root-cause service/component and failure reason.","{
    ""1"": {
        ""root cause occurrence datetime"": ""2024-01-23 05:00:00"",
        ""root cause component"": ""ts-order-service"",
        ""root cause reason"": ""high disk I/O usage""
    }
}","{
    ""1"": {
        ""root cause occurrence datetime"": ""2024-01-23 05:00:00"",
        ""root cause component"": ""ts-order-service"",
        ""root cause reason"": ""high disk I/O usage""
    }
}",674.828,107723,34823,answer 1: component=ts-order-service; reason=socket error; datetime=2024-01-23 05:12:52,"The only predicted root cause component is ts-order-service
The only predicted root cause reason is socket error",reason,ts-order-service,socket error,0.5,telemetry/rcaeval/re2-tt/0033
